2
(128,128,0)
6 6
0 0 0 0 0 0
0 0 0 0 0 0
0 0 1 1 0 0
0 0 1 0 0 0
0 0 0 0 0 0
0 0 0 0 0 0
(255,128,230) (77,77,77) (102,102,255) (230,26,255) (102,51,51) (153,230,26)
(128,255,128) (230,77,102) (26,26,179) (230,255,51) (204,77,179) (179,230,179)
(255,77,102) (153,77,51) (102,77,255) (230,51,128) (26,179,204) (0,26,102)
(77,102,179) (102,230,204) (102,179,51) (179,102,51) (77,77,77) (230,26,204)
(102,230,179) (0,77,230) (0,26,230) (204,153,102) (153,153,179) (230,102,153)
(230,128,128) (153,102,179) (77,102,179) (230,153,77) (26,153,204) (153,153,179)
(51,51,255)
5 5
0 0 0 0 0
0 0 1 0 0
0 1 1 1 0
0 0 1 0 0
0 0 0 0 0
(26,153,153) (26,128,26) (179,153,26) (179,102,51) (77,26,128)
(179,128,26) (230,255,153) (102,204,230) (179,128,77) (77,26,26)
(128,204,128) (51,0,77) (102,179,128) (179,204,230) (102,26,51)
(204,26,102) (204,255,255) (77,128,230) (153,179,77) (128,51,230)
(153,51,230) (77,128,102) (204,51,230) (204,204,0) (26,128,179)
